Age,lx_M,dx_M,qx_M,lx_F,dx_F,qx_F,lx_MeF,dx_MeF,qx_MeF
0,1.0,0.00249291,0.00249291,1.0,1.0,0.0021904,1.0,1.0,0.00234568
1,0.99750709,0.0024929099999999593,0.00019564,0.9978096,0.0021904000000000368,0.00015258,0.99765432,0.0023456800000000166,0.00017468
2,0.9973119377129124,0.0001951522870876632,0.00014114,0.997657354211232,0.00015224578876793515,0.00010893,0.9974800497433824,0.00017427025661753692,0.00012547
3,0.9971711771060235,0.00014076060688883452,0.00010689,0.9975486793956377,0.0001086748155942896,8.112e-05,0.9973548959215411,0.0001251538218413062,9.435e-05
4,0.9970645894789028,0.00010658762712079106,8.633e-05,0.9974677582467651,8.09211488725925e-05,6.491e-05,0.9972607954871109,9.41004344302554e-05,7.59e-05
5,0.996978512892893,8.607658600978674e-05,8.565e-05,0.9974030126145774,6.474563218772378e-05,5.894e-05,0.9971851033927334,7.569209437752189e-05,7.265e-05
6,0.9968931216832636,8.539120962935964e-05,8.209e-05,0.997344225681014,5.8786933563426125e-05,6.031e-05,0.9971126578949718,7.244549776153075e-05,7.149e-05
7,0.9968112867269046,8.183495635905036e-05,7.729e-05,0.9972840758507632,6.014983025082188e-05,6.314e-05,0.997041374311059,7.128358391284007e-05,7.04e-05
8,0.9967342431825534,7.70435443511186e-05,6.51e-05,0.997221107334214,6.296851654918889e-05,6.209e-05,0.9969711825983074,7.01917127515772e-05,6.364e-05
9,0.9966693557833222,6.488739923127262e-05,6.556e-05,0.9971591898756595,6.191745855443909e-05,6.438e-05,0.9969077353522469,6.344724606055507e-05,6.498e-05
10,0.996604014140357,6.534164296512213e-05,6.86e-05,0.9970949927670154,6.41971086441373e-05,6.516e-05,0.9968429562876037,6.47790646431945e-05,6.693e-05
11,0.996535647104987,6.836703537005384e-05,7.336e-05,0.9970300220572867,6.497070972866226e-05,6.524e-05,0.9967762375885393,6.67186990643831e-05,6.941e-05
12,0.9964625412499153,7.310585507169787e-05,8.142e-05,0.9969649758186477,6.504623863901049e-05,6.829e-05,0.9967070513498882,6.918623865104223e-05,7.503e-05
13,0.9963814092698067,8.113198010861744e-05,9.726e-05,0.9968968930804492,6.808273819858268e-05,7.811e-05,0.9966322684198254,7.478293006280001e-05,8.794e-05
14,0.9962845012139411,9.690805586559659e-05,0.00012384,0.9968190254641306,7.786761631856098e-05,8.782e-05,0.9965446245781406,8.764384168480355e-05,0.0001063
15,0.9961611213413107,0.0001233798726303359,0.0001611,0.9967314848173143,8.754064681626428e-05,9.647e-05,0.9964386918845479,0.00010593269359271407,0.00012964
16,0.9960006397846626,0.0001604815566481621,0.00021184,0.9966353301309739,9.615468634038837e-05,0.00012081,0.996309513572532,0.00012917831201597618,0.00016753
17,0.9957896470091306,0.0002109927755319374,0.00026676,0.9965149266167408,0.00012040351423314721,0.00012608,0.9961426018397231,0.00016691173280880545,0.00019827
18,0.9955240101628945,0.00026563684623615025,0.00030732,0.9963892860147929,0.00012564060194786286,0.00013729,0.9959450966460565,0.0001975051936666805,0.00022454
19,0.9952180657240912,0.00030594443880327393,0.00034253,0.996252491729716,0.00013679428507695768,0.00014004,0.9957214671340555,0.0002236295120009446,0.00024394
20,0.9948771736800388,0.0003408920440524099,0.00037044,0.9961129765307741,0.00013951519894184194,0.00013861,0.9954785708393628,0.00024289629469276264,0.00025755
21,0.9945086313798208,0.00036854230021798884,0.00038013,0.9959749053110971,0.0001380712196770162,0.00013324,0.995222185333443,0.00025638550591977616,0.00025989
22,0.9941305888137744,0.0003780425660464548,0.00038267,0.9958422016147134,0.00013270369638374024,0.00013723,0.9949635370396966,0.000258648293746333,0.00026312
23,0.9937501648613529,0.0003804239524214381,0.00038805,0.9957055421893858,0.0001366594253275899,0.00014435,0.9947017422338308,0.0002617948058658559,0.00026933
24,0.9933645401098785,0.00038562475147441155,0.00039267,0.9955618120943708,0.00014373009501500444,0.00014974,0.994433839213595,0.0002679030202358268,0.00027431
25,0.9929744756559136,0.0003900644539649445,0.00040381,0.9954127366686277,0.00014907542574305044,0.00015791,0.9941610560671603,0.00027278314643464086,0.00028399
26,0.9925735026328989,0.0004009730230146724,0.00043,0.9952555510433804,0.00015718562524735802,0.00016647,0.9938787242688478,0.0002823317983124962,0.00030157
27,0.9921466960267668,0.00042680660613214627,0.00045571,0.9950898708517981,0.00016568019158225145,0.00017325,0.9935790002619701,0.0002997240068777218,0.00031804
28,0.9916945648559204,0.00045213117084630383,0.00046949,0.994917471531673,0.00017239932012513837,0.00018356,0.9932630023967267,0.00031599786524338924,0.00033011
29,0.9912289741746663,0.0004655906812541799,0.00047729,0.9947348444805987,0.00018262705107430222,0.0001992,0.9929351163470055,0.0003278860497212266,0.00034171
30,0.9907558704975825,0.00047310367708375267,0.00049112,0.9945366932995782,0.00019815118102051166,0.00021224,0.9925958204883985,0.00033929585860703604,0.00035514
31,0.9902692904744638,0.0004865800231187434,0.00051312,0.9943256128317923,0.00021108046778584022,0.00023331,0.9922433100087101,0.00035251047968831717,0.00037666
32,0.9897611634961355,0.0005081269783282494,0.00052563,0.9940936267230625,0.0002319861087298758,0.00026048,0.9918695716435623,0.00037373836514786873,0.0003963
33,0.989240915335767,0.0005202481603685527,0.00056192,0.9938346852151736,0.0002589415078888546,0.00028097,0.9914764937323199,0.0003930779112423233,0.00042487
34,0.9886850410806215,0.0005558742551454721,0.00060581,0.9935554474836686,0.00027923773150495546,0.0003041,0.9910552451144279,0.00042124861789205603,0.00045861
35,0.9880860857958844,0.0005989552847370794,0.00063739,0.9932533072720888,0.0003021402115798155,0.00033697,0.990600737268466,0.0004545078459619045,0.0004908
36,0.987456289605659,0.0006297961902254068,0.00067813,0.9929186107051373,0.00033469656695150896,0.00036654,0.9901145504266146,0.00048618684185142147,0.00052606
37,0.9867866658719887,0.0006696237336702993,0.0007431,0.9925546663175694,0.00036394438756792713,0.000402,0.9895936907662172,0.0005208596603973881,0.0005766
38,0.9860533847005792,0.0007332811714094722,0.00078254,0.9921556593417097,0.0003990069758597059,0.00045436,0.9890230910441213,0.0005705997220958325,0.00062232
39,0.9852817584849156,0.0007716262156636233,0.00085654,0.9917048634963312,0.00045079584537843775,0.00049687,0.9884076021941028,0.0006154888500184974,0.00068092
40,0.9844378252475029,0.0008439332374127195,0.00095952,0.9912121151008059,0.0004927483955253775,0.00055335,0.9877345756896169,0.000673026504485974,0.00076116
41,0.9834932374654214,0.0009445877820815074,0.00107131,0.9906636278769149,0.0005484872238910032,0.00063108,0.986982751639985,0.0007518240496319217,0.00085626
42,0.9824396113251923,0.0010536261402290803,0.00119761,0.9900384398746342,0.0006251880022806189,0.00069445,0.9861376377890656,0.0008451138509193434,0.00095177
43,0.9812630318222731,0.0011765795029191617,0.00132388,0.9893509076800633,0.0006875321945709612,0.00077206,0.9851990615695471,0.0009385762195185388,0.00105419
44,0.9799639573197042,0.001299074502568942,0.00146119,0.9885870694182799,0.0007638382617833894,0.00087045,0.9841604745708311,0.0010385869987159513,0.00117239
45,0.9785320437849082,0.0014319135347959921,0.00158397,0.9877265538037048,0.0008605156145751192,0.00095942,0.983006654672049,0.0011538198987821602,0.00127854
46,0.9769820783835143,0.00154996540139396,0.00171506,0.9867789091934543,0.000947644610250431,0.00105788,0.9817498413437845,0.001256813328264439,0.00139357
47,0.9753064955001618,0.0016755828833524555,0.00187291,0.9857350155209968,0.0010438936724574965,0.00114807,0.9803817042173831,0.0013681371264013809,0.0015182
48,0.9734798342116746,0.0018266612884871858,0.00201618,0.9846033227217277,0.0011316927992691683,0.00122506,0.9788932887140402,0.001488415503342888,0.00162888
49,0.9715171236395337,0.0019627105721409244,0.00217232,0.9833971245751942,0.0012061981465334437,0.00129185,0.9772987890139196,0.0015944997001205996,0.0017411
50,0.969406677561509,0.002110446078024686,0.00239571,0.9821267229998117,0.001270401575382496,0.00143886,0.9755972140923674,0.001701574921552207,0.00192686
51,0.967084260290008,0.002322417271500954,0.00265628,0.9807135801431562,0.0014131428566555027,0.00157179,0.9737173748444214,0.0018798392479459913,0.00212461
52,0.964515413711085,0.0025688465789230897,0.00291403,0.9791721043450231,0.0015414757981331295,0.00173535,0.9716486051726533,0.002068769671768167,0.00233585
53,0.9617047868600684,0.0028106268510165178,0.00324925,0.9774728980337479,0.001699206311275181,0.00187411,0.9693789797782607,0.0022696253943925715,0.00257426
54,0.9585799675813634,0.0031248192787050044,0.00360773,0.9756410063008139,0.0018318917329340767,0.00208505,0.9668835462457767,0.002495433532484048,0.00285977
55,0.9551216698749211,0.003458297706442348,0.00397997,0.9736067460206264,0.0020342602801874943,0.00229854,0.9641184816867293,0.0027650645590473477,0.00315335
56,0.951320314282469,0.0038013555924520936,0.00432697,0.9713688719706282,0.002237874049998201,0.0025307,0.9610782786725024,0.0030402030142269165,0.00344311
57,0.9472039798221782,0.004116334460290805,0.00479254,0.968910628766332,0.0024582432042961067,0.00273107,0.9577691804404224,0.003309098232080032,0.00377719
58,0.9426644668607213,0.004539512961456937,0.00527393,0.9662644660154273,0.0026461627509047903,0.0029951,0.9541515042697546,0.003617676170667772,0.00415028
59,0.9376929204490105,0.004971546411710714,0.00584408,0.9633704073132644,0.0028940587021628605,0.0032103,0.950191508364614,0.003959995905140623,0.00454379
60,0.9322129680064729,0.005479952442537628,0.00646787,0.9602776992946667,0.003092708018597734,0.00356512,0.9458740376908219,0.004317470673792068,0.00503277
61,0.9261835357170929,0.006029432289380021,0.00710026,0.9568541940633573,0.0034235052313094094,0.00396967,0.9411136712101527,0.0047603664806692425,0.00555014
62,0.9196073918057822,0.006576143911310672,0.0078151,0.9530557986748097,0.0037983953885475374,0.00431859,0.9358903585790224,0.005223312631130295,0.00608088
63,0.9124205680780809,0.007186823727701297,0.00866487,0.9489399414332107,0.004115857241599019,0.00478097,0.9301993216153464,0.0056910369636760105,0.00673491
64,0.9045145624703581,0.00790600560772281,0.0096527,0.9444030880414168,0.0045368533917938825,0.00534955,0.9239345129022059,0.006264808713140502,0.00750997
65,0.8957835547532005,0.008731007717157624,0.01079527,0.9393509565017848,0.005052131539632021,0.00590473,0.9169957924283457,0.006938720473860127,0.0083544
66,0.8861133294180799,0.00967022533512063,0.01172826,0.9338043427284,0.005546613773384834,0.00648452,0.9093348427800824,0.00766094964826336,0.0091044
67,0.875720761901199,0.01039256751688089,0.01279794,0.9277490697918908,0.006055272936509204,0.00708148,0.9010558946374754,0.00827894814260699,0.00992964
68,0.8645133401336331,0.01120742176756584,0.01397499,0.9211792333091409,0.006569836482749891,0.00775853,0.8921087339838474,0.008947160653627995,0.01084644
69,0.852431774850399,0.01208156528323412,0.01566005,0.9140322365921348,0.007146996717006027,0.00873246,0.8824325301272156,0.009676203856631815,0.01216211
70,0.839082650634653,0.013349124215745967,0.01747358,0.9060504866473834,0.007981749944751426,0.00973026,0.87170028862823,0.01073224149898555,0.01354938
71,0.8244208728121764,0.014661777822476685,0.01973748,0.8972343798391779,0.008816106808205548,0.01087594,0.8598892901714965,0.011810998456733501,0.01522794
72,0.8081488823234635,0.016271990488712862,0.02172177,0.8874761125581098,0.0097582672810681,0.01211188,0.8467949476541223,0.01309434251737418,0.01680887
73,0.7905944581758761,0.017554424147587344,0.02392103,0.8767271083799395,0.010749004178170263,0.01359765,0.8325612814623474,0.014233666191774907,0.01861722
74,0.7716826244240172,0.018911833751858897,0.02597889,0.864805680014677,0.011921428365262554,0.01515423,0.817061304921881,0.01549997654046642,0.0203884
75,0.7516351664091944,0.020047458014822883,0.02922232,0.8517002158344281,0.013105464180248827,0.01714579,0.8004027322126117,0.016658572709269293,0.02295004
76,0.7296706430531317,0.021964523356062693,0.03286943,0.8370971427907763,0.014603073043651826,0.01951132,0.782033457492223,0.01836927472038874,0.02588811
77,0.7056867849282418,0.0239838581248899,0.03754771,0.8207642725666998,0.01633287022407648,0.02253268,0.761788089320984,0.02024536817123901,0.02964587
78,0.6791898621769238,0.026496922751317986,0.04150015,0.8022702538575216,0.018494018709178217,0.02534126,0.7392042186574257,0.02258387066355827,0.03293161
79,0.6510033810181022,0.028186481158821608,0.04704303,0.7819397147642522,0.02033053909326943,0.02948549,0.7148610336182446,0.024343185039181092,0.03765655
80,0.6203782094347662,0.030625171583335997,0.05277063,0.758883839123968,0.023055875640284218,0.03364738,0.6879418333627475,0.0269192002554971,0.04245638
81,0.5876404604846216,0.032737748950144585,0.05895118,0.733349386213105,0.02553445291086298,0.03827282,0.658734313467602,0.029207519895145473,0.04769134
82,0.5529983619233098,0.03464209856131184,0.06573642,0.7052820371574603,0.028067349055644675,0.04348597,0.6273183913543521,0.03141592211324995,0.05349609
83,0.516646229344607,0.036352132578702734,0.07218438,0.6746121636480921,0.03066987350936823,0.04899592,0.5937593102318044,0.033559081122547685,0.05929015
84,0.4793524416000287,0.03729378774457831,0.08125731,0.6415589200469632,0.03305324360112882,0.05647035,0.5585552316642641,0.035204078567540265,0.06731803
85,0.4404015516536783,0.03895088994635043,0.09263958,0.6053298632862892,0.036229056760674005,0.06664961,0.5209543938224322,0.03760083784183188,0.07784933
86,0.3996029368771332,0.04079861477654506,0.1070014,0.5649848639769047,0.04034499930938451,0.07871028,0.48039844330279974,0.04055595051963251,0.09069709
87,0.35684486318716835,0.04275807368996487,0.12226466,0.5205147471375207,0.044470116839384066,0.091748,0.4368277024547058,0.043570740848093925,0.10443639
88,0.3132153473168427,0.04362951587032565,0.13987939,0.47275856011714745,0.04775618702037321,0.10588107,0.3912069941583422,0.04562070829636361,0.11971934
89,0.2694029755955246,0.04381237172131808,0.16003311,0.42270237792028453,0.05005618219686292,0.12243635,0.34437195101432166,0.04683504314402054,0.13736977
90,0.22628957956771872,0.043113396027805895,0.18075868,0.37094824163140433,0.051754136288880204,0.13896089,0.297065655309033,0.04730629570528866,0.15510213
91,0.1853857738673029,0.040903805700415824,0.20019365,0.3194009438303693,0.05154729780103501,0.15673197,0.2509901394207562,0.0460755158882768,0.17299444
92,0.1482727191387329,0.03711305472856999,0.22469547,0.2693406046839762,0.05006033914639313,0.17849039,0.20757024080614056,0.04341989861461565,0.19519121
93,0.11495651082367732,0.03331620831505559,0.24599945,0.22126589511109745,0.04807470957287874,0.19935499,0.16705435434319862,0.040515886462941936,0.21559071
94,0.08667727238713364,0.028279238436543674,0.27561788,0.17715543480388357,0.04411046030721388,0.22406909,0.13103898748175685,0.03601536686144177,0.24127948
95,0.06278746632760933,0.023889806059524316,0.30556044,0.13746037773882305,0.03969505706506052,0.2499721,0.09942196872243204,0.03161701875932481,0.26765714
96,0.04360210049005984,0.01918536583754949,0.33257691,0.1030991184486562,0.034361259290166854,0.27557069,0.07281096892101642,0.026610999801415625,0.2927521
97,0.02910104863956625,0.014501051850493586,0.35657767,0.07468802323936828,0.028411095209287918,0.30037763,0.05149540486635413,0.02131556405466229,0.31636218
98,0.018724264521113046,0.010376784118453206,0.37908291,0.05225341182934191,0.022434611410026374,0.32598365,0.035204206322851726,0.016291198543502403,0.34021233
99,0.011626215838839757,0.007098048682273289,0.40251482,0.035219653916259856,0.01703375791308205,0.35403567,0.02322730126395361,0.011976905058898115,0.36628239
100,0.0069464916631880235,0.004679724175651733,0.43419751,0.022750640144848674,0.012469013771411182,0.38552018,0.01471954984374266,0.008507751420210952,0.39710755
101,0.003930342279796026,0.003016149383391998,0.47489509,0.013979809261091387,0.008770830883757286,0.42121692,0.008874305468191129,0.00584524437555153,0.43317163
102,0.002063842029101487,0.0018665002506945386,0.50954043,0.008091277061946997,0.00588853219914439,0.45388857,0.005030208103416865,0.003844097364774264,0.46535169
103,0.0010122310741410426,0.0010516109549604444,0.5444304,0.004418738886826074,0.0036725381751209233,0.4870541,0.002689392261440132,0.0023408158419767327,0.49787804
104,0.0004611417055540052,0.0005510893685870375,0.57924222,0.002266573995167999,0.002152164891658075,0.52042489,0.0013504029135231516,0.0013389893479169807,0.5304761
105,0.00019402896029431686,0.0002671127452596883,0.61364118,0.0010869924730558325,0.0011795815221121663,0.55370142,0.0006340464425287529,0.0007163564709943987,0.56286687
106,7.496480014513912e-05,0.00011906416014917774,0.64730123,0.0004851231971955063,0.0006018692758603262,0.58658521,0.00027716270598795886,0.000356883736540794,0.59477978
107,2.6439992804486393e-05,4.852480734065273e-05,0.67990812,0.00020055710469270885,0.00028456609250279745,0.61878315,0.00011231193269623602,0.00016485077329172283,0.62595505
108,8.463227003974522e-06,1.797676580051187e-05,0.7111791,7.645574769607469e-05,0.00012410135699663416,0.6500244,4.200971124976697e-05,7.030222144646905e-05,0.65615874
109,0.0,8.463227003974522e-06,0.740861,2.675764617338236e-05,4.969810152269233e-05,0.68006633,1.4444672048356051e-05,2.756503920141092e-05,0.68518502
110,0.0,0.0,0.76874484,8.560671940811673e-06,1.8196974232570688e-05,0.70869624,0.0,1.4444672048356051e-05,0.71285617
111,0.0,0.0,0.79466568,0.0,8.560671940811673e-06,0.73574232,0.0,0.0,0.73902945
112,0.0,0.0,0.81850801,0.0,0.0,0.76107509,0.0,0.0,0.76359665
113,0.0,0.0,0.84019901,0.0,0.0,0.7846035,0.0,0.0,0.78647859
114,0.0,0.0,0.85971165,0.0,0.0,0.80627638,0.0,0.0,0.80762653
115,0.0,0.0,0.87705602,0.0,0.0,0.82607963,0.0,0.0,0.82702021
116,0.0,0.0,0.89227829,0.0,0.0,0.84403145,0.0,0.0,0.84466527
117,0.0,0.0,0.90545023,0.0,0.0,0.86017355,0.0,0.0,0.86058689
118,0.0,0.0,0.91666748,0.0,0.0,0.87457481,0.0,0.0,0.87483605
119,0.0,0.0,0.92604048,0.0,0.0,0.88731553,0.0,0.0,0.88747597
